9239750070338673553 1
5802308351700352687 1
9099845758924277393 1
5871108755381370001 1
5916014909447390865 1
8034421993261325201 1
9034589688781604241 1
17690880732905131665 1
5871105821012737169 1
5818686639069854353 1
5805882577041046673 1
5818688194922273487 1
5871360595150847121 1
5814047699605470353 1
17428836325680533137 1
10776001866731554193 1
5871488079461416337 1
8804396792053324689 1
10776002817982924177 1
548216836805152401 1
2636383174756322961 1
4336825961701792657 1
5873535528121204113 1
2423336644413949329 1
5916013442263074449 1
5814302602726816913 1
6215566360121392273 1
152304333833984913 1
17950877725479194257 1
17428836261440835217 1
8243258833802214095 1
5871360595151093137 1
5873535271162412433 1
6215566356231879313 1
5948768444987393681 1
9034589704841528721 1
548216804685303441 1
5676685711947414673 1
6209789240744398481 1
9239056850799216273 1
7964036172838190767 1
9099844887783589521 1
5818686139251940047 1
9099845887403673233 1
9234962406936331921 1
5676684716232096913 1
16064433471917311633 1
5871105692029500561 1
160493221559753617 1
2423336386447476113 1
8706787944180401809 1
5871137776105766033 1
5906162870696740241 1
17690880861888368273 1
5871488046711766417 1
11548994303338923665 1
2636383158696398481 1
5906162870694772113 1
6209789241246271121 1
17950877853958590097 1
5818686639054601423 1
5916013377771456145 1
9231561182612904849 1
9099844887846323601 1
5948772556328060561 1
5818686639117335503 1
